     0/199     9.82G      2.32      1.54      16.8      20.6  1.17e+03       416     0.251    0.0213   0.00549    0.0279      2.21      1.48      25.9
     0/199     9.82G      1.39     0.681      4.31      6.37  1.17e+03       416     0.497     0.636     0.547     0.558       1.1     0.508      4.48
     1/199     9.82G      1.14     0.512      3.09      4.75  1.00e+03       416     0.541     0.653      0.58     0.591      1.02     0.468      3.96
     2/199     9.82G      1.08     0.473      2.77      4.32   1.2e+03       416      0.52     0.662     0.584     0.582     0.968     0.431      4.81
     3/199     9.82G      1.05     0.453      2.57      4.07  1.21e+03       416     0.507     0.676       0.6     0.578     0.942     0.406      3.68
     4/199     9.82G      1.03     0.441      2.44       3.9  1.07e+03       416     0.505     0.678     0.585     0.577     0.927     0.403      4.37
     5/199     9.82G      1.02     0.435      2.35       3.8  1.25e+03       416     0.542     0.672     0.603     0.599     0.937     0.448      5.57
     6/199     9.82G      1.01     0.432      2.32      3.77  1.34e+03       416     0.481     0.683     0.592     0.564     0.926     0.414      3.76
     7/199     9.82G     0.998     0.425      2.26      3.68  1.19e+03       416     0.482     0.646     0.565      0.55     0.936     0.428       4.6
     8/199     9.82G     0.992     0.419      2.18      3.59       927       416     0.467     0.689     0.596     0.555     0.941     0.411      6.17
     9/199     9.82G     0.986     0.418      2.14      3.54  1.11e+03       416     0.477      0.68     0.595     0.557     0.903     0.414      4.28
    10/199     9.82G     0.976     0.411      2.08      3.46  1.16e+03       416     0.508     0.678     0.594     0.578     0.906     0.402      4.43
    11/199     9.82G     0.977     0.414      2.14      3.53  1.24e+03       416     0.523     0.684     0.604     0.593     0.908     0.401      5.52
    12/199     9.83G      0.97      0.41      2.03      3.41   1.2e+03       416     0.516     0.692     0.599     0.591     0.886     0.415      4.64
    13/199     9.83G     0.967     0.407      1.99      3.36  1.15e+03       416     0.514      0.69      0.61     0.589     0.889     0.388      4.87
    14/199     9.83G     0.965     0.406      2.02      3.39  1.14e+03       416      0.54     0.642     0.561     0.585       0.9     0.381      4.01
    15/199     9.83G     0.962     0.404      1.96      3.33  1.24e+03       416     0.535     0.669     0.597     0.594     0.902     0.391      4.27
    16/199     9.83G     0.963     0.405         2      3.37  1.08e+03       416       0.5     0.689     0.599     0.579     0.914     0.411      4.33
    17/199     9.83G      0.96     0.405      1.97      3.33  1.15e+03       416     0.531     0.682     0.602     0.596     0.883     0.385      4.79
    18/199     9.83G     0.956     0.401      1.93      3.29  1.07e+03       416     0.538     0.686     0.603     0.601     0.894     0.381      4.89
    19/199     9.83G     0.952     0.399       1.9      3.25  1.07e+03       416     0.527     0.689     0.605     0.596     0.887     0.395      3.97
    20/199     9.83G     0.954     0.402       1.9      3.26       999       416     0.539     0.687     0.612     0.604      0.88     0.392      3.97
    21/199     9.83G     0.953       0.4      1.86      3.21  1.04e+03       416     0.476     0.695     0.603     0.563     0.886      0.39      3.89
    22/199     9.83G     0.956     0.403      1.92      3.27  1.19e+03       416     0.493     0.691     0.603     0.574     0.918     0.387      4.66
    23/199     9.83G     0.954       0.4      1.87      3.23  1.07e+03       416     0.486     0.687     0.596     0.568     0.906     0.396      4.19
    24/199     9.83G     0.948     0.396      1.84      3.18       973       416     0.501     0.694     0.616      0.58     0.905     0.395      3.98
    25/199     9.83G      0.95     0.398      1.85      3.19  1.01e+03       416     0.498     0.695     0.608     0.579       0.9      0.37      4.32
    26/199     9.83G     0.943     0.392      1.78      3.12  1.06e+03       416      0.54     0.682     0.621     0.602     0.863     0.357      3.85
    27/199     9.83G     0.944     0.396      1.79      3.13     1e+03       416     0.534     0.687      0.61       0.6     0.875     0.396      6.21
    28/199     9.83G     0.946     0.398      1.82      3.16  1.14e+03       416     0.515     0.684     0.612     0.588       0.9     0.405      4.07
    29/199     9.83G     0.945     0.398      1.84      3.19  1.09e+03       416     0.527     0.691     0.604     0.595     0.866     0.367       3.7
    30/199     9.83G     0.948     0.395       1.8      3.15  1.04e+03       416     0.474     0.687     0.588      0.56     0.868     0.392       4.1
    31/199     9.83G     0.946     0.395      1.79      3.13  1.14e+03       416     0.488     0.691     0.614     0.572     0.894     0.391      4.01
    32/199     9.83G      0.94     0.392      1.76      3.09  1.13e+03       416     0.521     0.692     0.625     0.593     0.868     0.374      4.15
    33/199     9.83G     0.942     0.393      1.76       3.1  1.06e+03       416     0.528     0.689     0.614     0.597     0.884     0.383      4.16
    34/199     9.83G     0.941     0.395      1.77      3.11  1.25e+03       416     0.491     0.699     0.617     0.576     0.878     0.372      4.87
    35/199     9.83G     0.936      0.39      1.73      3.06  1.08e+03       416     0.514     0.687     0.603     0.588     0.879      0.39      4.41
    36/199     9.83G     0.938      0.39      1.72      3.04     1e+03       416     0.533     0.685       0.6       0.6     0.872     0.376      4.16
    37/199     9.83G     0.937     0.391      1.73      3.06       964       416     0.517     0.691       0.6     0.591     0.871     0.399      3.69
    38/199     10.1G     0.939     0.394      1.71      3.04  1.17e+03       416     0.515     0.692     0.608     0.591     0.885      0.39      3.83
    39/199     10.1G     0.933      0.39      1.68         3  1.00e+03       416      0.52     0.696     0.622     0.594      0.89     0.379      3.89
    40/199     10.1G     0.932     0.389       1.7      3.02   1.2e+03       416      0.51     0.689     0.603     0.585     0.885      0.39      5.01
    41/199     9.34G     0.968     0.386      1.48      2.83  2.15e+03       416     0.513     0.686     0.602     0.586     0.883     0.393      4.67
    42/199     9.34G     0.943     0.383      1.39      2.72  2.14e+03       416     0.503     0.701     0.615     0.584     0.861     0.378      4.98
    43/199     9.34G     0.932     0.375      1.13      2.44  2.15e+03       416         0         0         0         0         0         0         0
